unsigned char font[95*5]={

  0,0,0,0,0,   // 32  space
  0,0,95,0,0,   // 33  !
  0,7,0,7,0,   // 34  "
  20,127,20,127,20,   // 35  #
  36,42,127,42,18,   // 36  $
  35,19,8,100,98,   // 37  %
  54,73,85,34,80,   // 38  &
  0,5,3,0,0,   // 39  quote
  0,28,34,65,0,   // 40  (
  0,65,34,28,0,   // 41  )
  20,8,62,8,20,   // 42  *
  8,8,62,8,8,   // 43  plus
  0,80,48,0,0,   // 44  ,
  8,8,8,8,8,   // 45  minus
  0,112,112,112,0,   // 46  .
  32,16,8,4,2,   // 47  /
  62,81,73,69,62,   // 48  0
  0,66,127,64,0,   // 49  1
  66,97,81,73,70,   // 50  2
  33,65,69,75,49,   // 51  3
  24,20,18,127,16,   // 52  4
  39,69,69,69,57,   // 53  5
  60,74,73,73,48,   // 54  6
  3,1,113,9,7,   // 55  7
  54,73,73,73,54,   // 56  8
  6,73,73,41,30,   // 57  9
  0,54,54,0,0,   // 58  :
  0,86,54,0,0,   // 59  ;
  8,20,34,65,0,   // 60  <
  20,20,20,20,20,   // 61  equals
  65,34,20,8,0,   // 62  >
  2,1,81,9,6,   // 63  ?
  50,73,121,65,62,   // 64  @
  126,17,17,17,126,   // 65  A
  127,73,73,73,54,   // 66  B
  62,65,65,65,34,   // 67  C
  127,65,65,65,62,   // 68  D
  127,73,73,73,65,   // 69  E
  127,9,9,9,1,   // 70  F
  62,65,73,73,122,   // 71  G
  127,8,8,8,127,   // 72  H
  65,65,127,65,65,   // 73  I
  32,64,65,63,1,   // 74  J
  127,8,20,34,65,   // 75  K
  127,64,64,64,64,   // 76  L
  127,2,12,2,127,   // 77  M
  127,6,24,96,127,   // 78  N
  62,65,65,65,62,   // 79  O
  127,9,9,9,6,   // 80  P
  62,65,81,33,94,   // 81  Q
  127,9,25,41,70,   // 82  R
  70,73,73,73,49,   // 83  S
  1,1,127,1,1,   // 84  T
  63,64,64,64,63,   // 85  U
  31,32,64,32,31,   // 86  V
  63,64,56,64,63,   // 87  W
  99,20,8,20,99,   // 88  X
  7,8,112,8,7,   // 89  Y
  97,81,73,69,67,   // 90  Z
  0,127,65,65,0,   // 91  [
  2,4,8,16,32,   // 92  back slash
  0,65,65,127,0,   // 93  ]
  4,2,1,2,4,   // 94  ^
  64,64,64,64,64,   // 95  _
  0,1,2,4,0,   // 96  quote
  32,84,84,84,120,   // 97  a
  127,72,68,68,56,   // 98  b
  56,68,68,68,32,   // 99  c
  56,68,68,72,127,   // 100  d
  56,84,84,84,24,   // 101  e
  8,126,9,1,2,   // 102  f
  24,164,164,164,124,   // 103  g
  127,8,4,4,120,   // 104  h
  0,72,125,64,0,   // 105  I
  64,128,136,122,0,   // 106  j
  127,16,40,68,0,   // 107  k
  0,65,127,64,0,   // 108  l
  124,4,24,4,120,   // 109  m
  124,8,4,4,120,   // 110  n
  56,68,68,68,56,   // 111  o
  252,36,36,36,24,   // 112  p
  24,36,36,40,252,   // 113  q
  124,8,4,4,8,   // 114  r
  72,84,84,84,36,   // 115  s
  4,63,68,64,32,   // 116  t
  60,64,64,32,124,   // 117  u
  28,32,64,32,28,   // 118  v
  60,64,48,64,60,   // 119  w
  68,40,16,40,68,   // 120  x
  12,144,144,144,124,   // 121  y
  68,100,84,76,68,   // 122  z
  0,65,54,8,0,   // 123  }
  0,0,127,0,0,   // 124  |
  0,8,54,65,0,   // 125  {
  8,4,8,16,8};   // 126  ~
